100 10000
1000
370.5742 372.9953 
7655.5966 7658.8630 
6011.5893 6017.9408 
9640.1922 9647.6739 
6086.8748 6090.7787 
5355.7131 5357.5072 
4700.1842 4701.4400 
9762.8705 9768.1444 
7520.4274 7527.7255 
1041.2218 1050.7628 
4905.6565 4906.8831 
4055.0598 4064.9458 
988.7199 993.9460 
3792.5202 3793.9000 
7961.8781 7962.5336 
539.2834 547.1221 
9868.4802 9873.6157 
2826.8455 2828.7572 
8321.2207 8323.4717 
3864.5821 3869.8532 
9918.5499 9923.7439 
2324.6836 2333.5923 
9723.4889 9724.0970 
9999.5385 10004.4221 
402.3956 411.5340 
9692.2417 9694.7559 
4595.1576 4599.9065 
6932.6572 6936.6260 
8002.8405 8008.5761 
2233.8162 2240.3068 
7933.9895 7940.5375 
7616.4268 7617.4987 
4946.5902 4947.6150 
732.8826 733.1843 
7159.1150 7163.5706 
2516.3941 2517.7115 
8081.1343 8085.1354 
7265.7346 7269.0544 
5031.6495 5036.0831 
4451.5756 4454.5209 
1971.5996 1980.5066 
1396.5022 1401.4493 
1975.9275 1978.4458 
7437.5385 7437.6273 
8310.1340 8319.9289 
9627.3751 9634.3144 
9056.4306 9062.3538 
6968.4757 6977.8164 
255.3985 260.9230 
2902.8619 2909.5832 
3590.4885 3592.5860 
9499.6035 9499.7451 
9244.7474 9250.6069 
5691.9107 5694.8940 
4501.8316 4509.4843 
1816.2131 1817.7444 
6746.6714 6748.4994 
4796.7206 4804.0684 
2645.0712 2646.6426 
5000.7004 5001.0029 
4446.0862 4452.0961 
6062.0724 6070.4670 
9056.1884 9065.8033 
6933.9033 6941.9985 
780.0391 780.9547 
3884.0061 3890.8403 
1809.1060 1818.4456 
4092.0764 4099.5482 
166.4180 172.5387 
4641.6733 4644.7924 
9183.4263 9191.0664 
2125.8283 2135.3388 
493.2359 500.5556 
5301.1921 5302.4720 
3773.4084 3778.6390 
9032.3523 9040.3099 
8561.0713 8564.0353 
2665.3352 2670.6130 
1793.2657 1798.2447 
6757.2771 6764.7538 
4296.2423 4302.8888 
167.8758 174.5365 
6858.8618 6862.3713 
687.4650 693.4999 
9377.2927 9383.1922 
1836.4201 1841.2337 
5650.8811 5658.8664 
6621.0892 6625.0526 
4342.3683 4342.9348 
5772.5597 5776.1497 
3189.5539 3192.0416 
9026.3122 9031.0453 
6370.0591 6376.4749 
1923.1625 1923.7790 
7176.0131 7176.9161 
7724.9013 7729.8855 
6351.2918 6353.4480 
1641.6383 1649.6946 
4680.3628 4686.0974 
10062.1013 10065.9490 
1694.8415 1695.3640 
7863.0058 7869.1296 
7281.5330 7286.2845 
9949.0981 9953.1969 
234.0498 240.6416 
8941.5840 8944.7212 
889.0014 898.8909 
7789.3998 7789.5808 
4427.3220 4436.3180 
925.1430 933.5413 
2601.4614 2606.7773 
6625.4633 6626.1034 
7769.9817 7772.1768 
5164.3389 5171.0294 
5282.5100 5286.5869 
3166.8916 3171.8990 
7560.0650 7560.5393 
181.2592 186.9405 
7158.4392 7163.6752 
4986.5375 4994.2069 
285.6266 292.4561 
2345.9109 2345.9318 
3068.2051 3074.1271 
6695.8325 6699.5991 
9226.1410 9228.5462 
7234.4768 7242.9008 
8420.6528 8425.8510 
1835.6766 1840.3332 
4485.5738 4490.2226 
968.1686 970.6935 
7639.0802 7648.2481 
8744.2124 8747.1952 
2399.7026 2404.5479 
856.5053 865.2998 
4198.2105 4207.4399 
287.8140 297.7021 
7585.2655 7593.4623 
6393.8441 6401.1539 
8483.6603 8491.5557 
3566.6183 3576.0286 
8823.5147 8825.6253 
6782.9931 6786.6545 
4228.9740 4238.0650 
1930.9264 1938.5274 
95.7541 96.6134 
1784.7346 1787.5267 
7510.3085 7512.6515 
1369.8027 1376.2084 
613.4381 620.7169 
5317.0832 5323.1369 
1503.8420 1506.6180 
9758.2023 9763.0459 
9810.4111 9815.0775 
3753.1118 3758.3819 
7435.9872 7437.3164 
3173.9521 3176.4797 
7489.8647 7494.4081 
4991.1708 4991.2692 
9281.4873 9283.5937 
6520.9139 6523.9765 
743.5904 752.0381 
3796.3294 3803.8037 
7789.4708 7795.7471 
4119.6608 4127.0222 
586.1077 590.5262 
4536.8660 4541.2992 
7242.5463 7246.9795 
4451.9909 4461.4079 
5671.2435 5672.5818 
2564.6381 2572.7322 
3479.0125 3480.8486 
10070.6083 10080.1797 
2283.7432 2290.5395 
9813.1577 9822.2546 
3833.2630 3836.7002 
9810.3002 9813.1184 
2423.4891 2430.1256 
612.2008 619.4819 
1074.4644 1082.5803 
1861.9374 1864.1173 
2924.9064 2931.7618 
9742.7811 9743.6768 
7748.5846 7752.6160 
8295.6256 8305.3229 
3579.1347 3580.1476 
1181.3120 1184.4408 
7353.8503 7363.3580 
3744.3373 3744.4093 
2551.5399 2560.3605 
7206.7896 7209.0360 
4504.7116 4511.0775 
6684.3519 6688.8502 
1012.1519 1016.2234 
9869.8210 9873.9499 
5264.3916 5269.5095 
8573.8301 8578.5572 
921.5958 924.1710 
8947.3283 8955.8239 
3751.0996 3755.0330 
4435.8540 4445.7519 
2640.1055 2643.3678 
5931.7565 5934.3608 
3147.9861 3153.7847 
7197.2586 7198.4368 
1452.1897 1460.3132 
9828.6109 9837.3278 
771.9157 772.6917 
1319.5847 1321.3374 
4824.5335 4833.6782 
1361.1563 1365.2750 
681.1406 683.9223 
5883.4791 5885.6747 
3839.7100 3842.6158 
6806.1008 6811.0832 
8726.9469 8729.7416 
5712.8711 5716.6429 
6473.2832 6479.2867 
909.0986 916.9610 
7879.3568 7882.2686 
6550.2560 6554.9552 
506.8782 513.8434 
7253.8934 7259.0064 
5081.9620 5090.1220 
8219.4086 8226.3256 
9294.7979 9297.6138 
9483.9368 9486.9520 
1015.9683 1021.4529 
5336.8602 5340.2560 
2126.7636 2127.7281 
6400.3036 6404.2078 
9378.5271 9380.3502 
6458.4629 6466.9916 
9254.3584 9263.9284 
1084.7382 1090.8235 
2305.4341 2311.1168 
4472.3715 4479.0158 
6373.7505 6375.8070 
9621.6553 9629.4829 
4493.2732 4502.4037 
5274.7717 5280.9505 
4482.2762 4486.2116 
5817.9253 5822.1502 
5601.0818 5610.6983 
2089.6810 2099.2277 
5851.4586 5854.0632 
3644.2737 3652.4851 
9436.6182 9440.1564 
7519.1513 7520.4016 
4484.0416 4487.3260 
6947.1193 6956.6426 
5657.3063 5663.2705 
5435.2010 5444.4663 
9947.6172 9954.3729 
2904.6821 2912.5766 
5740.9402 5744.3695 
449.8055 457.0485 
5302.4230 5309.4890 
6526.1882 6535.4630 
4706.2206 4715.4355 
1824.2739 1831.8413 
4865.8910 4875.7549 
4417.9996 4424.3596 
5288.2069 5291.2383 
3404.3383 3412.1447 
6381.5210 6386.0513 
2065.4972 2072.7218 
1398.7599 1408.2720 
3492.2874 3497.8836 
8384.6614 8390.4279 
7704.5448 7712.8876 
2027.0543 2029.4916 
10092.4689 10101.9672 
3482.7738 3485.5793 
481.3628 482.1536 
7560.2388 7564.3383 
9791.4911 9797.3587 
2192.7582 2199.6691 
3824.6400 3825.5556 
4529.3217 4531.0473 
2259.4510 2263.7219 
3102.9184 3103.2436 
3678.7096 3687.9724 
6910.3618 6915.7303 
2883.5164 2890.0114 
9452.1464 9454.4805 
9271.6204 9275.6705 
2936.0386 2940.2230 
9470.1933 9476.8763 
2843.9017 2844.5105 
1116.9296 1124.9060 
2197.6866 2198.1934 
2177.6000 2180.2390 
9537.5657 9546.0581 
8373.0449 8382.7009 
6642.8642 6646.4992 
7964.0854 7964.9238 
3384.7476 3386.1397 
4708.9459 4712.4116 
4298.5413 4306.2894 
764.5103 764.6951 
8103.1221 8111.0658 
1150.1110 1154.2067 
6274.9811 6275.8402 
7030.5259 7032.5773 
6605.3748 6609.4851 
9903.4792 9908.0703 
8730.3934 8734.6184 
996.1765 1002.8224 
4925.8343 4926.7153 
85.2733 94.4490 
6401.4410 6405.5661 
4755.1523 4763.3914 
4912.3700 4921.1022 
9200.5162 9205.1604 
5029.6728 5030.0945 
2761.0225 2765.3167 
5976.1320 5980.6492 
1048.0632 1054.6779 
2738.9652 2747.7836 
10086.7762 10092.8154 
7216.7128 7225.6588 
2549.9833 2559.4122 
3844.0485 3850.2776 
5.0005 5.5173 
3965.3076 3970.6296 
4129.1143 4130.1030 
9895.1963 9896.3680 
4975.0203 4981.6760 
5613.4533 5616.1502 
9683.6215 9689.9414 
5989.1568 5992.7583 
648.3321 648.7312 
3119.9211 3129.0312 
8632.3883 8638.5395 
3301.4037 3302.5011 
3128.6587 3135.0887 
9013.3447 9016.4206 
8630.0648 8639.3615 
9419.7842 9420.5991 
4247.9495 4254.4843 
2333.1583 2337.1393 
7475.6058 7475.7382 
2584.6432 2593.7648 
8444.6609 8451.8003 
7376.4269 7380.9872 
7463.1226 7468.0775 
8665.5024 8668.8288 
3055.6395 3056.7022 
2343.1418 2344.2517 
6248.8802 6252.3922 
8529.3688 8531.7881 
9457.9382 9458.9597 
2897.5650 2907.1711 
1833.2652 1837.7585 
1880.7571 1886.9920 
1421.8937 1426.8228 
1588.1955 1596.5865 
1281.5540 1287.8251 
678.4971 683.4489 
4761.7934 4767.3190 
2093.9397 2094.5310 
5132.3105 5138.9895 
459.4095 462.7549 
8095.4588 8104.8366 
5989.0616 5990.9936 
2567.2378 2575.3572 
623.9259 630.6308 
3849.0743 3851.8649 
4144.4916 4146.6030 
4841.3163 4848.1034 
5863.7309 5871.5627 
6468.5910 6473.2568 
7208.0717 7208.4714 
5597.0535 5604.3527 
4036.5056 4043.5351 
8424.0294 8432.8789 
631.3175 639.9434 
1611.6745 1618.1936 
9217.8507 9227.3544 
8818.0142 8819.0207 
5135.2700 5142.4878 
8051.0812 8053.9470 
8685.4640 8692.5467 
9534.8665 9542.4268 
1833.0219 1835.4790 
4829.4085 4839.3041 
8615.6572 8619.3312 
7691.5805 7698.3191 
8951.4902 8957.1066 
5698.0063 5703.4514 
2097.2827 2103.6544 
5577.0164 5581.2796 
3720.0192 3727.1588 
9912.6735 9912.8010 
8793.1528 8799.7799 
1190.6338 1199.3560 
1618.3857 1619.9176 
2852.9735 2854.4403 
4804.0290 4812.4272 
5817.0972 5821.2626 
1701.7907 1702.9125 
2792.4606 2794.9235 
8215.2593 8217.9497 
6298.0775 6308.0382 
4145.4116 4154.7717 
2043.6412 2049.5159 
2531.1393 2531.5443 
4287.5835 4288.0345 
5676.0942 5682.9135 
6726.5039 6734.5142 
8927.0799 8934.9860 
4702.1441 4711.5944 
2283.7628 2289.3219 
8234.4401 8242.7541 
4674.6555 4676.8795 
9902.1776 9909.2963 
830.1267 830.1458 
4796.3896 4799.9286 
3719.6123 3724.9173 
7965.8685 7975.1234 
3297.2612 3302.3670 
2159.0342 2166.8286 
1817.9160 1827.1415 
6541.8851 6543.4304 
643.6398 648.2759 
5737.8702 5740.1261 
6259.9149 6266.6965 
4692.2645 4696.0733 
5660.1992 5666.0011 
9010.9868 9011.8166 
9137.6983 9142.0678 
9761.7920 9763.5685 
5244.0096 5251.8300 
5654.3799 5654.9381 
8035.7268 8042.2981 
6835.2046 6841.6496 
7932.1354 7937.5682 
4942.6272 4950.6824 
8849.8150 8854.1734 
2968.5463 2972.0894 
1463.2577 1463.6747 
2163.7544 2169.5180 
8564.5409 8565.8697 
8306.0021 8314.1523 
1259.6425 1266.4201 
9822.1213 9826.4411 
8844.1644 8849.0553 
518.5419 520.5472 
9647.0274 9654.8040 
5428.1532 5437.9701 
2717.1298 2718.9376 
2325.6975 2329.2444 
1055.0098 1060.4805 
7698.7474 7706.0035 
359.2320 359.2499 
386.8063 390.0280 
465.5113 471.4289 
617.1851 621.1574 
905.5243 906.6673 
1973.0464 1982.1479 
1701.8976 1707.6131 
3026.3715 3035.6983 
1546.0461 1546.6465 
3156.5908 3156.9379 
9976.3329 9984.3738 
8254.2374 8263.6906 
6385.4470 6390.1794 
8378.2126 8386.7719 
737.9454 746.7936 
5595.1281 5603.4753 
71.5879 78.4549 
1379.6640 1389.2187 
3489.3821 3495.7765 
5096.0070 5105.0956 
5223.1961 5229.9193 
2312.1628 2312.7688 
6664.3333 6674.0880 
9821.3046 9822.7892 
1811.6520 1811.7283 
4957.3087 4957.9950 
8383.6017 8388.0926 
3495.2367 3500.1615 
4276.9854 4285.0823 
4621.7645 4625.5199 
5132.2960 5138.4347 
3745.4266 3753.1606 
8883.1620 8891.4391 
6592.0218 6599.6501 
5825.7284 5830.4049 
1396.6515 1403.4670 
1042.7345 1044.0924 
8560.5882 8564.0523 
9756.5902 9762.2308 
2688.5482 2692.4191 
2765.9391 2767.1121 
3459.9168 3463.3316 
540.9878 547.0385 
10016.1011 10023.0882 
1514.3146 1521.1368 
1165.4113 1171.8841 
605.9150 611.7239 
1516.7447 1525.6246 
8263.9227 8273.0103 
9453.8306 9458.8874 
985.7404 993.4787 
2652.9043 2658.4855 
208.2461 213.7552 
8028.4255 8035.7995 
7920.2864 7922.2091 
2063.8085 2065.6695 
955.8453 956.8758 
2447.1315 2450.2300 
5872.0821 5874.5952 
1785.3957 1787.5687 
8202.8494 8206.4822 
4915.1485 4917.5542 
2705.3625 2713.0280 
9662.1481 9670.5590 
6585.3602 6592.2265 
3528.2334 3529.1327 
2094.3979 2100.1699 
6499.6769 6507.9442 
2941.8489 2945.5463 
4278.0372 4283.5102 
3253.7255 3257.3770 
3831.8906 3832.3725 
3540.6212 3549.2051 
355.8096 364.4530 
9407.8682 9412.7306 
7701.5704 7707.3403 
6852.4311 6859.6228 
8615.8048 8617.1998 
8743.1127 8751.9150 
9378.1859 9382.9036 
7173.3184 7178.9868 
2484.7120 2491.7872 
5208.9280 5212.6874 
5261.7753 5268.2123 
6927.7536 6931.6405 
7428.4410 7429.8198 
7361.6037 7371.1800 
246.7173 250.9821 
7707.1623 7716.7360 
1412.5924 1418.5538 
7167.6805 7175.7765 
1844.2289 1851.5283 
3123.9101 3126.6452 
2617.9354 2623.6554 
3409.7598 3411.8081 
4787.4102 4796.4710 
9185.8269 9188.1239 
1997.2284 1999.5086 
5662.2618 5667.8059 
8767.6688 8774.7335 
8821.3461 8830.7159 
6784.7039 6793.4337 
7829.7161 7831.5580 
3376.3494 3385.9489 
2810.3404 2814.3956 
9094.5504 9097.6867 
3565.1605 3571.7077 
8350.3992 8358.8944 
8400.7284 8405.9357 
9369.7176 9370.6063 
7311.2268 7318.1402 
7245.8951 7255.0677 
915.9332 920.9955 
4767.3724 4775.7751 
6831.4903 6831.8948 
9088.2608 9090.0239 
8283.2692 8286.4200 
6592.3362 6595.5630 
7924.6643 7932.8504 
373.0048 382.5923 
5338.3364 5344.7448 
1914.8276 1922.9174 
1239.2141 1240.9212 
6815.8027 6819.5844 
4685.5006 4690.3957 
9333.8438 9342.7735 
6830.9710 6834.0084 
1975.7568 1981.1186 
6119.5348 6124.5762 
7672.5042 7681.9438 
1131.3233 1133.4485 
8400.6579 8409.1710 
4438.5046 4443.3375 
3716.6869 3723.8602 
8218.5636 8225.2006 
2168.0780 2169.4734 
5502.9720 5510.8200 
2633.2865 2642.0344 
3509.9685 3512.5155 
1821.1231 1824.3759 
2921.5959 2927.1590 
729.4178 733.6002 
7717.1918 7723.3282 
8122.6733 8131.7901 
1568.2103 1578.0490 
1538.8991 1541.8113 
4032.5451 4033.1147 
8976.9389 8982.8299 
4960.4555 4960.4563 
8247.3382 8253.8558 
838.7492 841.4595 
3792.1598 3798.2685 
7255.0417 7256.4742 
8592.1521 8597.8586 
9259.7296 9268.0703 
4083.2767 4091.4266 
2839.7215 2844.8095 
1198.8483 1200.4368 
295.0373 301.4870 
10038.4030 10042.6116 
8827.0531 8836.8978 
3739.8929 3743.6752 
9805.4718 9811.2243 
5697.9251 5707.7232 
7380.0283 7382.1350 
6027.4988 6027.8915 
6642.4838 6651.5901 
7820.0570 7821.1425 
124.6450 134.2196 
5376.6571 5384.0544 
238.9383 242.9251 
4031.6818 4040.5229 
5829.5033 5838.0968 
1499.7438 1507.2265 
8003.8120 8013.5001 
2188.3057 2188.6008 
6757.5020 6764.4985 
2419.0260 2419.8945 
288.4090 292.8208 
1291.9491 1294.6378 
3119.7138 3126.5687 
4508.4001 4511.5579 
3816.6652 3824.5728 
9940.8111 9945.6205 
4286.5180 4290.5688 
3200.6854 3208.4397 
1597.1282 1604.9589 
8509.5286 8514.8275 
36.0683 40.1536 
2521.8068 2524.6908 
7159.1830 7159.6633 
6283.8603 6292.8846 
8145.1736 8151.2110 
4238.1877 4243.9493 
6681.1075 6690.1887 
3898.6249 3903.9234 
4252.6706 4261.7566 
328.6895 337.6289 
402.5318 407.8077 
7252.7191 7256.9625 
7050.3663 7058.8772 
5117.4178 5123.7974 
3538.8824 3540.8698 
9300.0473 9300.1269 
8581.6270 8582.2126 
4328.7282 4338.0149 
740.3875 748.7078 
40.1861 42.8238 
7552.6948 7560.9713 
3850.7609 3855.0021 
2163.2219 2172.8842 
6957.6173 6958.4909 
2086.8066 2088.9690 
10018.8261 10027.4984 
8345.3713 8354.0209 
9083.3521 9088.0354 
2876.1959 2879.6842 
8054.9753 8056.1846 
6704.7910 6709.9540 
4677.7791 4681.5802 
9012.0548 9020.8228 
7825.0830 7832.0342 
3802.4397 3808.4549 
10058.5611 10063.6350 
2397.5343 2405.3828 
6399.7665 6399.9580 
9137.7666 9145.2631 
1922.4115 1924.3100 
9073.8604 9083.7129 
2230.4734 2240.1135 
9969.2265 9975.6675 
9934.5750 9936.6866 
5614.6461 5618.5553 
6377.0652 6380.7448 
9477.4068 9485.3845 
3284.8452 3287.9669 
6768.4747 6772.5666 
8848.2235 8853.9185 
1113.3383 1113.9700 
5233.9419 5239.5143 
6454.8349 6455.3087 
2041.0085 2043.0256 
6999.5728 7001.5110 
3599.0819 3608.4069 
2243.4847 2244.2005 
4190.8959 4198.4130 
7776.6032 7776.8366 
5352.5665 5360.6167 
2672.3214 2681.4239 
8068.6239 8075.0166 
7912.2039 7912.9916 
232.2166 233.4351 
83.8388 86.2768 
4885.1742 4893.3582 
8316.2725 8323.2167 
4787.4838 4792.2601 
5285.2455 5289.9630 
3591.2176 3592.7771 
4028.7462 4038.1723 
7310.0631 7314.3634 
462.3266 467.3142 
8682.3522 8683.2609 
6073.1762 6082.6547 
222.8377 229.7526 
2602.1231 2607.4331 
2946.4629 2949.7459 
8293.5339 8297.5415 
6225.9831 6226.7494 
8004.5105 8012.7529 
4314.5265 4320.2500 
4316.8300 4320.2112 
7024.0592 7027.3962 
5087.7529 5093.5029 
5901.1963 5906.7091 
709.1234 714.1794 
9182.9178 9185.3138 
2818.1113 2822.0748 
4746.4903 4754.8827 
5217.4975 5226.1914 
9490.2525 9496.1208 
4418.5813 4419.2771 
4094.9122 4097.1955 
1815.5827 1816.5150 
8518.6230 8528.0385 
10036.8465 10041.9782 
7873.3333 7879.8820 
7595.2037 7595.6767 
1414.7785 1417.7951 
3277.5144 3279.1209 
8353.9639 8363.3034 
6071.7297 6078.3825 
8764.1075 8764.4439 
228.7228 230.6076 
813.7418 821.8011 
8495.7028 8502.8624 
804.0469 811.2200 
9838.1883 9841.0441 
926.4658 926.9559 
2388.3282 2391.3881 
5085.2733 5093.0447 
9518.7795 9527.8371 
2749.0036 2755.6200 
3543.3986 3545.1981 
3404.5078 3404.8000 
1988.6892 1990.6356 
9587.8999 9591.5869 
6063.2347 6064.5778 
4057.7613 4062.9882 
9776.2869 9776.6094 
9957.7159 9967.2704 
1221.2183 1222.3347 
1287.8483 1290.8946 
7744.7284 7753.5563 
5667.4251 5669.2557 
6168.4973 6176.4107 
924.9980 934.8698 
8616.3984 8620.3302 
9696.1963 9699.0918 
5627.4390 5634.8751 
844.3906 846.8495 
3902.2701 3911.5838 
4744.8895 4748.1927 
5139.4109 5144.0380 
9289.4463 9295.7289 
466.2529 471.3153 
7374.5956 7383.2143 
3059.4679 3067.9300 
4834.6954 4837.7077 
1579.6118 1587.2137 
1368.5450 1375.7727 
4115.5223 4124.8856 
6887.0589 6893.2250 
6045.5331 6055.2938 
1378.7157 1387.8742 
7974.5754 7984.4778 
3949.3657 3955.5994 
498.9173 501.8135 
5443.4672 5451.9203 
9783.5902 9785.5413 
4494.9360 4503.9930 
3311.4754 3316.9655 
1487.5299 1491.6585 
1677.5807 1683.5300 
3127.0571 3130.8136 
8957.2055 8962.3343 
3540.6766 3547.9435 
7172.4982 7172.9480 
622.1842 631.1781 
7418.3336 7421.6137 
5036.4056 5040.6776 
1085.4916 1088.1002 
6880.6875 6889.5464 
3236.7886 3241.5739 
1676.9629 1685.7968 
4450.1204 4452.9001 
8833.9807 8836.1508 
1741.2961 1747.7717 
6576.0308 6583.6692 
19.0971 27.9798 
9081.8531 9083.3318 
3205.1663 3206.9968 
3115.4134 3122.7750 
3272.1401 3280.8451 
1158.8385 1159.4014 
7814.8543 7815.9444 
5677.0437 5680.0316 
171.5119 172.3150 
2353.4453 2355.1505 
6554.3719 6563.1082 
7036.6442 7046.6361 
732.8226 739.9904 
4929.0768 4935.6143 
6335.6269 6338.3847 
7830.3657 7835.7866 
5503.6766 5506.9928 
2020.4722 2027.2190 
8929.7718 8932.3822 
2830.7346 2836.1542 
7767.7400 7771.7148 
4604.4924 4607.9208 
7179.6349 7184.9246 
3293.2363 3302.4710 
5316.8079 5321.8274 
8869.0823 8875.4583 
3898.3178 3899.7455 
5459.8633 5462.1011 
8258.4489 8263.2824 
7129.2362 7136.3343 
784.0312 789.8607 
9730.9531 9733.9608 
1551.8047 1552.5548 
6663.7924 6665.6427 
8206.2531 8215.6154 
5641.6501 5643.6592 
5289.1234 5297.8656 
3171.8914 3175.3621 
8043.2826 8044.8945 
1904.3127 1906.2209 
4565.6055 4572.6298 
9572.9168 9576.2270 
6276.2709 6282.4920 
1503.1994 1505.2629 
8105.1381 8111.8680 
998.7557 1005.7993 
1469.8054 1473.1277 
6152.7569 6154.9883 
2434.4996 2439.8283 
2952.2012 2952.8547 
794.1265 800.1067 
5655.8455 5658.8697 
5223.6071 5224.5556 
6730.3263 6735.7007 
5669.0540 5669.1120 
1123.2202 1126.3826 
9834.3919 9842.6555 
4736.6596 4739.5457 
2734.7024 2744.1232 
2440.6046 2446.6621 
9545.8740 9554.9910 
6530.9874 6535.5335 
8479.0622 8479.9532 
3494.6810 3495.4467 
9648.0197 9651.5568 
10090.6132 10091.5629 
6277.5263 6283.3951 
1794.3257 1799.1774 
8821.9558 8831.2718 
6281.9020 6282.5088 
924.4380 932.4707 
348.4177 357.6187 
4449.1232 4449.9343 
6165.9348 6174.9598 
4161.7418 4170.7758 
2886.5484 2893.8693 
8316.9413 8317.0764 
2487.1065 2489.0939 
9634.8116 9641.4106 
5933.9637 5938.1305 
1113.5698 1119.9687 
1418.4921 1427.8059 
8130.5351 8132.4877 
3877.0605 3879.0968 
9129.3392 9130.5098 
562.8077 570.7035 
5577.7363 5583.7150 
5480.7711 5484.3393 
4307.4305 4308.2450 
3832.7993 3838.0937 
8815.0094 8821.0394 
2244.1614 2248.5452 
8011.3835 8020.2594 
4759.8831 4767.5699 
7256.0433 7263.8454 
3205.5721 3205.9862 
3702.0095 3706.1827 
3604.8678 3613.3243 
1307.5180 1316.7038 
833.6276 841.0751 
3541.2886 3544.0518 
4969.5854 4975.7949 
9719.6473 9725.1589 
7865.4475 7868.3866 
365.8278 370.2714 
5733.2618 5736.7732 
674.4472 682.5475 
4478.3807 4481.0018 
3597.4595 3604.4151 
5862.4494 5862.5797 
7041.8089 7042.3430 
1306.5966 1313.5486 
6683.5589 6687.1106 
6468.3576 6475.4355 
1958.4531 1968.0154 
2138.8592 2143.8038 
8884.6548 8886.7475 
2410.4012 2410.6349 
2209.8463 2209.9009 
6158.8100 6164.2218 
4651.9185 4658.2551 
9569.8032 9574.6500 
820.1524 826.0708 
214.0935 222.2620 
7862.1014 7864.6877 
7842.0715 7846.7700 
9480.3034 9481.6948 
5225.6462 5225.8760 
9002.5064 9009.8631 
6622.1850 6624.4051 
9169.2643 9178.8892 
973.4842 978.0279 
8323.5647 8327.7929 
7781.3126 7789.6637 
3748.5688 3756.5419 
420.3116 421.6094 
7901.6025 7902.1512 
7258.8949 7262.3230 
135.2083 137.1079 
1859.2827 1863.6213 
9679.3699 9686.5193 
7218.9168 7221.8122 
3782.9483 3784.8656 
4197.2423 4204.9859 
8476.9153 8483.6528 
3144.2001 3148.3222 
9627.1525 9627.6286 
509.7751 509.8580 
1790.3780 1799.5090 
3667.5398 3670.6590 
1473.1919 1481.4019 
8929.3903 8935.8031 
321.2834 325.2815 
2063.5192 2065.9629 
5633.5169 5634.9771 
453.1704 453.7075 
5503.9131 5508.1798 
2649.8252 2653.9023 
4743.4722 4748.9596 
9981.2126 9983.7896 
3623.3312 3629.1994 
5871.8976 5875.4694 
5010.9288 5011.2154 
2322.1904 2331.5795 
8441.6449 8443.6218 
9869.7345 9873.9841 
7279.8167 7288.2362 
6727.3633 6735.2317 
4975.0758 4977.4895 
8050.6888 8053.4338 
8512.6312 8519.4093 
5839.3635 5843.0414 
3089.4223 3090.7960 
5117.0776 5126.7576 
1221.9936 1228.6876 
6767.0876 6767.5295 
8106.4889 8115.6335 
5822.4374 5824.1982 
1506.3453 1515.6514 
7423.0211 7429.9641 
939.0623 945.0408 
3955.2493 3959.3351 
7569.8499 7575.4529 
8084.3219 8086.6842 
2597.0112 2605.7939 
1573.9659 1577.9176 
5231.5859 5234.6381 
8563.9972 8566.0978 
